49
71
72
73
78
80
105
114
120
123
130
134
135
171
172
-
176
178
-
182
184
185
187
-
193
211
212
216
-
219
244
247
-
250
272
-
278
280
-
292
304
305
318
319
322
326
333
337
344
345
347
349
352
363
369
375
378
387
388
390
391
-
402
409
410
-
416
418
-
434
435
-
437
445
446
448
450
451
452
454
455
457
458
!
!
!
!
!
459
460
461
463
465
466
467
475
474
476
477
478
480
483
484
485
486
487
490
491
492
500
501
502
505
509
512
513
515
516
517
518
524
525
526
527
528
529
530
531
532
533
536
537
538
539
540
541
542
543
545
573
576
576
583
586
589
591
594
595
596
598
618
621
622
623
624
625
626
628
629
630
631
632
633
634
636
639
640
641
642
643
644
646
647
648
649
650
652
653
655
656
657
658
659
660
661
662
663
664
665
666
667
668
669
670
671
672
673
674
675
676
677
678
679
680
681
682
683
685
686
687
688
689
690
691
692
693
694
695
696
697
699
700
701
702
703
713
714
716
718
719
719
725
732
745
755
762
763
764
766
767
768
772
774
775
776
777
778
780
787
790
791
792
800
802
803
804
805
807
811
820
823
826
828
832
833
834
835
836
837
852
853
862
873
874
876
879
882
889
890
898
915
918
919
921
923
925
926
928
929
947
948
950
951
953
954
956
957
958
959
960
961
962
963
964
968
970
971
972
973
974
975
976
977
978
979
982
984
985
986
987
988
989
991
992
993
994
995
996
999
1000
1001
1003
1004
1007
1011
1012
1013
1014
1016
1017
1018
1019
1020
1021
1022
1023
1024
1027
1028
1029
1031
1032
1038
1042
1043
1045
1046
1047
1049
1050
1053
1054
1059
1061
1062
1063
1064
1065
1069
1070
1072
1074
1077
1078
1079
1081
1082
1085
1086
1088
1093
1101
1103
1106
1109
1110
1113
1114
1116
1117
1118
1120
1121
1122
1123
1124
1125
1126
1127
1128
1145
1146
1147
1151
1152
1153
1155
1160
1161
1162
1163
1164
1167
1168
1170
1173
1174
1175
1176
1177
1178
1179
1181
1182
1183
1185
1186
1187
1188
1189
1190
1191
1192
1194
1195
1196
1203
1202
1208
1209
1210
1211
1212
1213
1214
1215
1216
1217
1218
1219
1220
1222
1250
1251
1252
1253
1254
1258
1260
1261
1262
1264
1265
1266
1268
1269
1270
1271
1272
1273
1274
1277
1278
1279
1282
1283
1287
1289
1291
1295
1296
1297
1303
1304
1306
1307
1308
1312
1313
1314
1315
1316
1318
1320
1321
1322
1323
1325
1326
1328
1329
1330
1331
1334
1335
1336
1337
1338
1339
1341
1342
1343
1345
1347
1349
1351
1352
1354
1355
1357
1358
1359
1361
1362
1363
1366
1367
1373
1374
1376
1377
1386
1387
1389
1391
1394
1395
1397
1400
1402
1404
1405
1406
1407
1408
1409
1410
1413
1414
1415
1416
1417
1418
1419
1420
1421
1422
1423
1424
1425
1427
1429
1430
1431
1432
1433
1434
1435
1436
1437
1438
1439
1442
1443
1444
1446
1448
1450
1452
1452
1453
1454
1455
1456
1457
1458
1460
1461
1462
1463
1466
1468
1469
1470
1471
1472
1473
1474
1478
1480
1481
1482
1483
